1442199346958303232
815986860521685033
1065215062735847504
939196810977751091
1439657522976784459
1064791634472087653
1261742493821698168
1476600342727626949
1478775633256382544
1456574067246370849
1527131967043272774
1527132275152523354
1527133314853503086
1503026012152139886
1492513962481418423
1526107969488420915
1516159004060156135
1494935819377446942
1489203283703763054
1493830987820564490
1526907857533009990
1491345520030122035
1511160290769633340
1494698171228749824
1483423670977302739
1516173447468679288
1371518225610838057
1368480907404509256
1493513074232004638
1484938459545210951
1392712306420617309
1493181651528712263
1378771862644854824
1357021056010813583
1503694113957089280
1388710322906468422
1371518225610838057
1483423670977302739
1478400103445299331
1492804002935603293
1489997031652065343
1416092224588087396
780938543610593292
1482622266104614912
1375108262046863443
1502250986628976683
133013487489568360
1482622266104614912
1477515567752544377
1453050129346068703
1011242443552858132
1462366149084975239
1514935808585367582
1364238350071894067
1457854689390493769
1392522155195105380
1456901151927570524
1448726777605394525
1468723968985927680
1493269886783455273
1441864715495014494
884651303341535242
1395747768269537431
1387484106790670438
1454623415435657395
1458406788843175988
1439782698565763246
1469359756517835018
1459293278997451012
1496121478402277407
1448468012498686154
1119037959090487308
1456800420071477373
1454201706572419337
1515887351484907551
1412089866459549767
1521817851579600938
1516834056845656332
1325432983561437268
1454597684089323689
1317552429830766632
1456210501288722443
1301492134079365226
1454674501559255100
1459113380538486925
1456378063301382339
1455785113731338433
1308689974345859075
1302642544743678053
1455960158894166330
1397564484763127864
1454590809344053411
1317556751155068929
1302311670659682348
1309579141103882241
1452935925817544737
1441945164489687143
1454157547761303718
1451412981777694790
1452395160351670343
1364275513241112678
1454162159742353540
1452942228199833780
1453791147510989041
1452378664200179783
1452121258664788041
1449562991065432087
1477349848746430605
1452374249615527937
1363479374183268503
1452089433015718094
1443063175468683426
1411094302028726415
1451974025852223499
1451380217661620355
1439497887078682645
1454153629035663623
1448371401466843277
1446899805782671495
1423761943205773332
1449792904188133436
1447918943669846149
1449741513096560812
1449529098845290577
1446880391007961240
1447257503367692399
1305178564953509949
1447144778365145240
1449551182170165382
1449486384535441518
1445759216043426140
1445604771942629407
1443282984382759105
1446498893893341395
1447236977673113650
1446232290190426113
1445005442919960730
1445294633088323625
1445889330072780872
1445032503655272500
1442792514078773329
1442860252784623749
1443292210136350752
1444207651595489283
1441061938124689418
1443790391525511188
1443905485018370079
1443368127550328995
1444156717645430835
1443813290382721024
1443313885703704598
1443065706617769984
1443292210136350752
1439141250543521804
1442264141296435331
1442568607828803594
1437281724819177572
1436550348985733140
1438986426296307752
1438300929404305529
1435450353498849342
1368246387786907770
1443070676645707930
1345611710743969925
1351962779170373642
1262726138891866196
1439664166620102848
1439494670743896205
1439468931009089589
1216244288707498107
1442309889098514537
1264857519524937829
1426880276818300968
1388885622415954022
1237678963728580630
1266057773041319956
1390908902454853772
1345080386434105344
1141734825242402867
1428911395956850890
1437605099693412467
1438281756481425408
1428909736920616982
1345314427343339561
1344005411199778916
1436527755716989071
1431792603468140745
1293000690117120020
1266693997347340329
1435733067405983896
1437717409573109852
1374754755812917289
1266772350356160545
1436433920819331102
1436394423918526586
1436065858974912533
1414929185876611082
1430811004970864754
1425477696884048032
1433806035386110012
1080267400357871737
1388195239633621074
1346168678550339607
1047207425113079888
1356173782934622311
1382296605046083595
1415329624413569054
1261985094818726018
1415299154795561003
1417545092281008198
1395184123848556565
1414928413310976083
1387463608635494451
1414948166217896033
1410050854014292098
1414229578330935457
1064778673993031680
1328750237816324200
1065651172993683497
1414987023202128064
1328567772116029542
1264133012019216426
1413131555731148830
1412683027577835531
1414988768045305926
1390908902454853772
1394485081673826425
1414576680902856744
1266970231549591645
1231546242337734679
1409650862174765179
1437072440969658501
1326650449306320958
1328750864458055743
1328749460561330268
1410895053676740709
1344146987305406504
1267077034224648299
1267085642215456850
1264187312343093309
1397209307015286834
1267097973779857439
1160213219428794424
1377699768540598385
1261903162768363541
1065228741934075914
1329406912525107274
1397923873009307725
1096355349407215697
1241685793534120001
1397619132077441125
1267106504201207869
1267163328602439722
1387807934406328431
1247140702148890674
1262018945443958847
1267164140015845542
1378203384875712512
1267861820493004851
1268225459691458677
1268247735400923221
1438336830335615017
1333476017553277030
1268600487528108054
1269265839123726336
1265717626626248746
1269315275031973969
1269348391553470609
1299752174871511062
1300506906863075364
1269353949719167042
1269561452793036877
1269569107666276416
1269571735297069170
1296865470246293514
1269583012182626388
1269618983376650305
1269631226101370952
1269987061448839265
1301457887129767947
1438336830335615017
1438419725360300114
1270396583124406365
1271131122327097407
1317555372718030848
1271430174566514768
1271435845131567124
1271438008981131344
1271479831359655992
1271488018816958517
1271491839211475103
1272145555518394389
1272597632828837899
1272945423035928622
1274044764454522932
1311477062971822151
1326951673675120692
1342846704982167674
1327581951934201920
1328746845643735115
1334548329039659071
1337467686187434034
1064581608428027945
1337736104404582424
1333030463404638272
1337835794571722857
1340640153596858370
1340685019580071956
1340880381485908083
1341093783663808562
1410691539050561667
1341448384501780481
1342166981671125073
1343234507217829898
1343617223041880074
1343960459329667196
1343977549495009341
1344250602506686498
1344291104039632926
1344293502443585556
1344711562778378252
1344712223716544593
1344712819370627103
1385382682053316608
1418005320697122919
1409950180899422298
1410298018888024208
1345395582033727621
1345703618413596682
1345712466482565171
1345715543172190223
1345953263467368482
1346154621713911809
1346155884103073847
1346156665501909133
1346157302939648173
1346158775048077382
1346166438829887488
1346167683959488542
1346168678550339607
1363650734293258240
1346170221806882817
1346495325128359961
1346497126758088827
1346500264391086140
1346501226522607616
1346544463249539164
1346547916386603048
1346768459853463562
1346854260125601844
1346878619384807444
1347221376024449115
1347244270985416794
1347594119513378877
1347611105576484954
1347614331008712714
1347614669002772514
1348572092140097559
1349049550890991667
1349050530684731423
1349051013767757865
1349052343936880700
1349054511901315155
1349054904903401565
1349056597086961699
1349059312869310514
1355895827893194906
1355898150380109957
1355593966300434663
1356202875847577741
1356515547101265982
1356878090793652267
1356879842783662081
1356880483480502334
1356968999438778438
1356973577118683360
1356974710671413430
1356986597786124350
1356988734641278976
1356991591390118100
1356997695960649835
1357005668384772097
1357009271526785065
1357023310185234494
1357209939730239572
1357217643068919821
1357238347763814544
1357239850054582432
1357758708582453481
1357944000895651992
1358700459602346086
1358741946868170926
1359081933153243357
1368717353160015882
1371336890166284368
1372103031931535431
1372243909828411452
1372463122253873172
1374257458700226661
1375284881642229780
1375337439941623950
1376150932202586203
1376950550519873589
1377983528955941009
1378726270418030624
1387439202077114469
1387754916696690719
1387763051528192150
1387785189505110148
1387799910115709021
1339285047798272001
1387805372198420674
1388185576192082051
1391803907763736707
1397619132077441125
1267049269462962228
1267058278907773001
1391808230128222251
1409961408954761240
1371540093461991626
1417456904485081182
1391809404025835630
1379509612285530272
1392128667806601328
1266791641285656739
1267075981001097268
1413739439775158363
1410069721830785106
1379356114004742165
1393853130835230831
1379810995161141309
1395396122977239140
1266772350356160545
1390933424671424615
1411696816885465182
1395697523800408187
1396114519801073815
1395698333741482026
1401195767258943641
1396383621530779718
1435617093285580841
1434201386245165177
1266431149308121242
1402596826846072832
1434702655267143802
1266357086233694273
1414160098846052362
1436452829328834642
1436520583427915828
1436520583427915828
1415774289931800718
1415796411831947406
1415946574336360470
1416530658465153065
1390908902454853772
1412550032489578628
1417008419134509056
1417182924792533186
1417545092281008198
1419006271075385538
1419038854048120832
1419377623859073167
1440496305443967108
1419791690272608538
1420088230098768023
1420170214028607488
1440506176197623861
1437385122314850304
1420479422653403187
1421025607466352660
1421217115343683654
1422347595220652082
1422694601751265444
1423814693167960106
1424901389104189502
1427833856748421210
1411550563182837770
1415030542314770529
1410377025134399580
1410691539050561667
1410050854014292098
1047207425113079888
1080267400357871737
1434371849009107067
1392901566574629076
1415329624413569054
1435666891086631044
1412533908645347500
1413194520316874886
1413283266324336751
1413377203441373226
1413672459831611493
1412960598412759193
1413219436105826498
1412651675604484188
1386412999178326016
1379810995161141309
1433933630681387102
1412218592262488244
1426575178049261700
1411027780103311443
1411210259921371166
1414007323189313607
1385382682053316608
1434201386245165177
1420796240517533806
1305293008744222743
1426342294524792882
1426601061111693475
1428913407230480456
1433211555415195771
1434228349890465852
1434798891538186250
1434957893119246409
1436433920819331102
1419632623281639496
1423909739531599964
1410298018888024208
1433964094855188501
1434244079348351066
1434249517364154560
1434407179930304643
1434438777694195753
1427178331744243742
1413920812670517350
1411405948068692109
1428284166478495785
1424297571362537552
1425993523324522550
1427245325692698704
1427330941465919651
1427358108337832056
1431255657243480154
1433556759007596789
1433652512833015808
1433657056107171962
1433918526095097869
1428777659562721351
1424761358162853918
1414156579149840455
1427039256085401748
1417728438311194755
1418673325156204576
1436394423918526586
1414071387726811198
1106464636217339985
1434759166714449982
1434798917270110259
1435041445382721626
1435733067405983896
1436099050381508766
1436194054843928696
1436392261570138245
1418784563265798258
1412248352673894580
1413380743106924546
1379356114004742165
1409961408954761240
1436469182404362241
1434201386245165177
1425069281179205693
1436244812729946144
1436440973583319051
1436749303174533285
1431792603468140745
1410069721830785106
1439347561721892985
1422411196270907442
1153984868804468756
1288638725869535283
1090660574196674713
1104973139257081909
1454610806963703989
1463084713714651207
1455237283811692615
1443151961859031072
1477255726043758693
1441327773716189214
