1315548657151508587
927946368570519622
926943238089216061
1155945337500999710
1406253459413401610
1394429804249350335
309437317813239809
1389358473313255517
1414798014219948197
1045004648781709313
1350909961319743611
1454215971416969390
1360089789038202900
1018904600889270303
1260746808791924748
1030952547365699624
1160646380214296716
1415866281458012261
1207679510426951680
1252704741000220767
862935597273579521
1192908168326549564
655398805293891588
1377030562384052255
1199737611082805268
1239797246883528777
1151270094173908992
1119989424021831730
1513617409527779447
1438345772381769878
1154144720507908127
1265723468876611594
1012094378602418186
1157187445008388116
1336023943298940969
1197942150378303580
1384498310395723859
1352798370522988625
1518671357989224499
1451770401721159805
1386305315796156448
1191274715742994504
747547898803257497
1392932012490358945
712788673879343126
1362895676090093568
1055537158120812595
1369139027600609353
966535625685733416
1433984444007579748
1405161310144041002
1258902565484236942
1398880447978668197
1373329173313228841
1109326149202489445
1096098231819182165
1367127931083821087
670430872775950357
1510491951265480836
1501311884299730954
1426630982961729697
1539836430669578322
1066830178065580112
1460521604864933929
1203125855602081853
1460521604864933929
1451970019553574983
774411721132736523
1506776451322740828
1055889509541224469
1226121978176340118
1347219867354398823
1454276423648022631
1407143042925858929
1218995945463615489
1121879685463289876
1101198883364798554
1243974302152527872
1426639850639200256
1272765592507519030
1265828089611419741
1296602953896951819
1226048152151392256
1392932012490358945
1408332135873384450
1044666378478682205
701774792876884008
1265453781315878984
1287100688890855456
1168540825106526208
1294654188906610764
1363654152420458497
821212688154755072
1328692281858850869
1313368024673423401
1457363357458763776
1147472471675641969
1520077813288403054
1350578448497905786
1432344770059042908
821212688154755072
1164126507204100207
1407217940369244240
892802984671604766
1538553336645689374
1073740408775000114
1225234448241393664
1310784364375834714
1382819989404389487
857989263517548544
605437213257498648
1344715883330670675
1396127387212710029
1443774013070639178
1244110936093102082
1071351830325497917
393180843297996800
1416822130745671742
1168923537478799394
1240034137927323698
1287139691321229394
1023519938943651840
1483082670303875154
1048770030055211018
1154516170964222022
880133450961678367
1193503661708550214
1403297681572499476
871595903264378950
1106302408201609288
917059201094782976
1293381603308863540
1265702848079990890
1225581253345149071
884908843526676511
678749543184990219
1388424046680604774
1271687489932759143
1180125426639716375
871029610224169031
1287549065223077944
1179622596568940605
1343375382040023162
1095708046145101865
827984447831801936
1106327972744544426
1014984807857532938
426784441910689792
1272892276796035103
1115753889199825026
1267130659986477152
492077030980976652
1065438228829720657
1225906129981280347
722787295715131422
1199737611082805268
1064032914574168115
1411607411411910738
1413641793668644936
722006803847839834
1296538245253038174
1176637384310403156
1292469992373358654
798209969106583593
1355117351393034380
1294701934623588465
1468727532017684702
829871022982299659
295594014432821248
1521963159215411400
789285454276329472
1534174748479586476
1166126652850454591
1216006256972660736
1114682872146690059
1344337982206775439
1365426354547326987
854711565940293643
1426630982961729697
1329215097930776711
1100541086839078972
1378332719842332822
1436051415742021765
1071351830325497917
933090268188667944
1481205295232581653
1390944851025199178
663118888149450783
1503300499602935830
1083140992330375328
1501311884299730954
1523835247710703637
1338579832253972490
1502312996565815307
1004036521487249552
1256397297390981120
1295119539230740635
1459196587208085548
915880583589146634
1300677369396461578
1087760446473392229
1229754810195120173
728501922616705076
1032073878148743211
1193052334671003788
1419082991229210657
1539113342419869763
1295620626438029364
1225100103967310016
1476772217055346741
947244652107530313
1452388684933370060
986324285935206410
1076385624174641182
1485675148513247304
602069571054206987
1136803502392352909
293468365698236417
1268958731849170986
1397630107849326712
1006409398492610611
1326597489419223041
1148427973029011497
1262083353084166265
1087846698241507449
1085472664006701066
1342678664038584413
1119249846822514770
1157181396884914176
1436876153226006550
1469725215348101144
1395484646099390504
1478089748693127260
1345705469611610215
1504426937928650783
1313094811955236995
1394177227419029525
1258506235725086753
1144697404654891140
1266489971221598321
1246063803750289499
1390979441764597841
705536958990123079
1197765447337115719
1401315849633009717
